"PartID" "Trial" "VerbType" "Item" "Age" "Gender" "EV" "Distractor" "Subject" "Agent" "Patient" "PC" "PCC" "AC" "EVC"
"P1_LAR1_C" 1 "NPred" 8 59 "F" 30 0 0 0 1 -0.5 -0.484848484848485 8.55681818181818 5.98863636363636
"P1_LAR1_C" 2 "Pred" 15 59 "F" 30 0 0 0 0 0.5 0.515151515151515 8.55681818181818 5.98863636363636
"P1_LAR1_C" 3 "Pred" 2 59 "F" 30 0 1 0 1 0.5 0.515151515151515 8.55681818181818 5.98863636363636
"P1_LAR1_C" 4 "NPred" 10 59 "F" 30 0 0 1 1 -0.5 -0.484848484848485 8.55681818181818 5.98863636363636
"P1_LAR1_C" 5 "NPred" 16 59 "F" 30 0 0 1 0 -0.5 -0.484848484848485 8.55681818181818 5.98863636363636
"P1_LAR1_C" 6 "NPred" 6 59 "F" 30 0 0 0 0 -0.5 -0.484848484848485 8.55681818181818 5.98863636363636
"P1_LAR1_C" 7 "Pred" 9 59 "F" 30 0 0 0 0 0.5 0.515151515151515 8.55681818181818 5.98863636363636
"P1_LAR1_C" 8 "Pred" 5 59 "F" 30 0 0 0 0 0.5 0.515151515151515 8.55681818181818 5.98863636363636
"P1_LAR1_C" 9 "NPred" 3 59 "F" 30 0 0 0 0 -0.5 -0.484848484848485 8.55681818181818 5.98863636363636
"P1_LAR1_C" 10 "Pred" 11 59 "F" 30 0 1 0 0 0.5 0.515151515151515 8.55681818181818 5.98863636363636
"P1_LAR1_C" 11 "Pred" 7 59 "F" 30 0 0 0 0 0.5 0.515151515151515 8.55681818181818 5.98863636363636
"P1_LAR1_C" 12 "NPred" 12 59 "F" 30 0 0 1 0 -0.5 -0.484848484848485 8.55681818181818 5.98863636363636
"P10_LBR1_C" 1 "NPred" 2 50 "M" 23 0 0 0 1 -0.5 -0.484848484848485 -0.44318181818182 -1.01136363636364
"P10_LBR1_C" 2 "Pred" 12 50 "M" 23 0 1 0 0 0.5 0.515151515151515 -0.44318181818182 -1.01136363636364
"P10_LBR1_C" 3 "NPred" 7 50 "M" 23 0 0 0 0 -0.5 -0.484848484848485 -0.44318181818182 -1.01136363636364
"P10_LBR1_C" 4 "NPred" 15 50 "M" 23 0 0 0 0 -0.5 -0.484848484848485 -0.44318181818182 -1.01136363636364
"P10_LBR1_C" 5 "Pred" 6 50 "M" 23 0 0 1 0 0.5 0.515151515151515 -0.44318181818182 -1.01136363636364
"P10_LBR1_C" 6 "Pred" 3 50 "M" 23 0 0 1 0 0.5 0.515151515151515 -0.44318181818182 -1.01136363636364
"P10_LBR1_C" 7 "Pred" 16 50 "M" 23 0 1 0 0 0.5 0.515151515151515 -0.44318181818182 -1.01136363636364
"P10_LBR1_C" 8 "NPred" 5 50 "M" 23 1 0 0 0 -0.5 -0.484848484848485 -0.44318181818182 -1.01136363636364
"P10_LBR1_C" 9 "NPred" 9 50 "M" 23 0 0 0 1 -0.5 -0.484848484848485 -0.44318181818182 -1.01136363636364
"P10_LBR1_C" 10 "Pred" 10 50 "M" 23 0 0 1 0 0.5 0.515151515151515 -0.44318181818182 -1.01136363636364
"P10_LBR1_C" 11 "Pred" 8 50 "M" 23 0 0 0 1 0.5 0.515151515151515 -0.44318181818182 -1.01136363636364
"P10_LBR1_C" 12 "NPred" 11 50 "M" 23 0 0 0 0 -0.5 -0.484848484848485 -0.44318181818182 -1.01136363636364
"P11_LAR2_C" 1 "Pred" 9 56 "F" 22 0 1 0 1 0.5 0.515151515151515 5.55681818181818 -2.01136363636364
"P11_LAR2_C" 2 "NPred" 6 56 "F" 22 1 0 0 0 -0.5 -0.484848484848485 5.55681818181818 -2.01136363636364
"P11_LAR2_C" 3 "NPred" 10 56 "F" 22 0 0 1 0 -0.5 -0.484848484848485 5.55681818181818 -2.01136363636364
"P11_LAR2_C" 4 "NPred" 16 56 "F" 22 0 0 0 1 -0.5 -0.484848484848485 5.55681818181818 -2.01136363636364
"P11_LAR2_C" 5 "Pred" 11 56 "F" 22 1 0 1 0 0.5 0.515151515151515 5.55681818181818 -2.01136363636364
"P11_LAR2_C" 6 "Pred" 15 56 "F" 22 0 0 0 1 0.5 0.515151515151515 5.55681818181818 -2.01136363636364
"P11_LAR2_C" 7 "NPred" 8 56 "F" 22 0 0 1 0 -0.5 -0.484848484848485 5.55681818181818 -2.01136363636364
"P11_LAR2_C" 8 "Pred" 2 56 "F" 22 0 0 1 0 0.5 0.515151515151515 5.55681818181818 -2.01136363636364
"P11_LAR2_C" 9 "NPred" 3 56 "F" 22 0 0 1 0 -0.5 -0.484848484848485 5.55681818181818 -2.01136363636364
"P11_LAR2_C" 10 "Pred" 7 56 "F" 22 1 0 0 0 0.5 0.515151515151515 5.55681818181818 -2.01136363636364
"P11_LAR2_C" 11 "NPred" 12 56 "F" 22 0 0 0 1 -0.5 -0.484848484848485 5.55681818181818 -2.01136363636364
"P11_LAR2_C" 12 "Pred" 5 56 "F" 22 0 0 1 0 0.5 0.515151515151515 5.55681818181818 -2.01136363636364
"P12_LBR2_C" 1 "NPred" 9 55 "F" 22 0 0 0 1 -0.5 -0.484848484848485 4.55681818181818 -2.01136363636364
"P12_LBR2_C" 2 "NPred" 7 55 "F" 22 0 0 0 0 -0.5 -0.484848484848485 4.55681818181818 -2.01136363636364
"P12_LBR2_C" 3 "NPred" 15 55 "F" 22 0 0 1 0 -0.5 -0.484848484848485 4.55681818181818 -2.01136363636364
"P12_LBR2_C" 4 "Pred" 8 55 "F" 22 0 0 1 0 0.5 0.515151515151515 4.55681818181818 -2.01136363636364
"P12_LBR2_C" 5 "Pred" 16 55 "F" 22 0 0 1 0 0.5 0.515151515151515 4.55681818181818 -2.01136363636364
"P12_LBR2_C" 6 "Pred" 12 55 "F" 22 1 0 0 0 0.5 0.515151515151515 4.55681818181818 -2.01136363636364
"P12_LBR2_C" 7 "NPred" 2 55 "F" 22 0 0 0 0 -0.5 -0.484848484848485 4.55681818181818 -2.01136363636364
"P12_LBR2_C" 8 "Pred" 3 55 "F" 22 0 0 1 0 0.5 0.515151515151515 4.55681818181818 -2.01136363636364
"P12_LBR2_C" 9 "Pred" 6 55 "F" 22 0 0 0 1 0.5 0.515151515151515 4.55681818181818 -2.01136363636364
"P12_LBR2_C" 10 "NPred" 11 55 "F" 22 1 0 0 0 -0.5 -0.484848484848485 4.55681818181818 -2.01136363636364
"P12_LBR2_C" 11 "Pred" 10 55 "F" 22 0 0 1 0 0.5 0.515151515151515 4.55681818181818 -2.01136363636364
"P12_LBR2_C" 12 "NPred" 5 55 "F" 22 0 0 0 1 -0.5 -0.484848484848485 4.55681818181818 -2.01136363636364
"P13_LAR1_C" 1 "NPred" 8 48 "M" 26 0 1 0 0 -0.5 -0.484848484848485 -2.44318181818182 1.98863636363636
"P13_LAR1_C" 2 "Pred" 15 48 "M" 26 0 1 0 0 0.5 0.515151515151515 -2.44318181818182 1.98863636363636
"P13_LAR1_C" 3 "Pred" 2 48 "M" 26 0 0 1 0 0.5 0.515151515151515 -2.44318181818182 1.98863636363636
"P13_LAR1_C" 4 "NPred" 10 48 "M" 26 1 1 0 0 -0.5 -0.484848484848485 -2.44318181818182 1.98863636363636
"P13_LAR1_C" 5 "NPred" 16 48 "M" 26 1 0 0 0 -0.5 -0.484848484848485 -2.44318181818182 1.98863636363636
"P13_LAR1_C" 6 "NPred" 6 48 "M" 26 0 0 0 0 -0.5 -0.484848484848485 -2.44318181818182 1.98863636363636
"P13_LAR1_C" 7 "Pred" 9 48 "M" 26 0 0 0 1 0.5 0.515151515151515 -2.44318181818182 1.98863636363636
"P13_LAR1_C" 8 "Pred" 5 48 "M" 26 0 0 1 0 0.5 0.515151515151515 -2.44318181818182 1.98863636363636
"P13_LAR1_C" 9 "NPred" 3 48 "M" 26 0 0 0 1 -0.5 -0.484848484848485 -2.44318181818182 1.98863636363636
"P13_LAR1_C" 10 "Pred" 11 48 "M" 26 0 0 0 0 0.5 0.515151515151515 -2.44318181818182 1.98863636363636
"P13_LAR1_C" 11 "Pred" 7 48 "M" 26 0 0 0 0 0.5 0.515151515151515 -2.44318181818182 1.98863636363636
"P13_LAR1_C" 12 "NPred" 12 48 "M" 26 1 0 0 0 -0.5 -0.484848484848485 -2.44318181818182 1.98863636363636
"P14_LBR1_C" 1 "NPred" 2 46 "M" 30 0 0 0 0 -0.5 -0.484848484848485 -4.44318181818182 5.98863636363636
"P14_LBR1_C" 2 "Pred" 12 46 "M" 30 0 0 0 0 0.5 0.515151515151515 -4.44318181818182 5.98863636363636
"P14_LBR1_C" 3 "NPred" 7 46 "M" 30 0 0 0 0 -0.5 -0.484848484848485 -4.44318181818182 5.98863636363636
"P14_LBR1_C" 4 "NPred" 15 46 "M" 30 0 0 0 0 -0.5 -0.484848484848485 -4.44318181818182 5.98863636363636
"P14_LBR1_C" 5 "Pred" 6 46 "M" 30 0 1 0 1 0.5 0.515151515151515 -4.44318181818182 5.98863636363636
"P14_LBR1_C" 6 "Pred" 3 46 "M" 30 0 0 1 0 0.5 0.515151515151515 -4.44318181818182 5.98863636363636
"P14_LBR1_C" 7 "Pred" 16 46 "M" 30 0 0 0 0 0.5 0.515151515151515 -4.44318181818182 5.98863636363636
"P14_LBR1_C" 8 "NPred" 5 46 "M" 30 0 0 0 1 -0.5 -0.484848484848485 -4.44318181818182 5.98863636363636
"P14_LBR1_C" 9 "NPred" 9 46 "M" 30 0 0 0 0 -0.5 -0.484848484848485 -4.44318181818182 5.98863636363636
"P14_LBR1_C" 10 "Pred" 10 46 "M" 30 0 0 0 0 0.5 0.515151515151515 -4.44318181818182 5.98863636363636
"P14_LBR1_C" 11 "Pred" 8 46 "M" 30 0 0 0 0 0.5 0.515151515151515 -4.44318181818182 5.98863636363636
"P14_LBR1_C" 12 "NPred" 11 46 "M" 30 0 0 0 0 -0.5 -0.484848484848485 -4.44318181818182 5.98863636363636
"P15_LAR2_C" 1 "Pred" 9 43 "F" 19 1 0 0 0 0.5 0.515151515151515 -7.44318181818182 -5.01136363636364
"P15_LAR2_C" 2 "NPred" 6 43 "F" 19 0 0 0 0 -0.5 -0.484848484848485 -7.44318181818182 -5.01136363636364
"P15_LAR2_C" 3 "NPred" 10 43 "F" 19 1 0 0 0 -0.5 -0.484848484848485 -7.44318181818182 -5.01136363636364
"P15_LAR2_C" 4 "NPred" 16 43 "F" 19 0 0 1 0 -0.5 -0.484848484848485 -7.44318181818182 -5.01136363636364
"P15_LAR2_C" 5 "Pred" 11 43 "F" 19 1 0 0 0 0.5 0.515151515151515 -7.44318181818182 -5.01136363636364
"P15_LAR2_C" 7 "NPred" 8 43 "F" 19 0 0 1 0 -0.5 -0.484848484848485 -7.44318181818182 -5.01136363636364
"P15_LAR2_C" 9 "NPred" 3 43 "F" 19 0 0 0 0 -0.5 -0.484848484848485 -7.44318181818182 -5.01136363636364
"P15_LAR2_C" 10 "Pred" 7 43 "F" 19 0 0 0 0 0.5 0.515151515151515 -7.44318181818182 -5.01136363636364
"P15_LAR2_C" 11 "NPred" 12 43 "F" 19 0 0 1 0 -0.5 -0.484848484848485 -7.44318181818182 -5.01136363636364
"P15_LAR2_C" 12 "Pred" 5 43 "F" 19 0 1 1 0 0.5 0.515151515151515 -7.44318181818182 -5.01136363636364
"P16_LBR2_C" 1 "NPred" 9 51 "M" 18 0 0 1 0 -0.5 -0.484848484848485 0.55681818181818 -6.01136363636364
"P16_LBR2_C" 2 "NPred" 7 51 "M" 18 0 0 1 0 -0.5 -0.484848484848485 0.55681818181818 -6.01136363636364
"P16_LBR2_C" 3 "NPred" 15 51 "M" 18 0 0 1 0 -0.5 -0.484848484848485 0.55681818181818 -6.01136363636364
"P16_LBR2_C" 4 "Pred" 8 51 "M" 18 0 0 1 0 0.5 0.515151515151515 0.55681818181818 -6.01136363636364
"P16_LBR2_C" 5 "Pred" 16 51 "M" 18 0 1 0 1 0.5 0.515151515151515 0.55681818181818 -6.01136363636364
"P16_LBR2_C" 6 "Pred" 12 51 "M" 18 0 1 0 1 0.5 0.515151515151515 0.55681818181818 -6.01136363636364
"P16_LBR2_C" 7 "NPred" 2 51 "M" 18 0 0 0 1 -0.5 -0.484848484848485 0.55681818181818 -6.01136363636364
"P16_LBR2_C" 8 "Pred" 3 51 "M" 18 0 0 0 0 0.5 0.515151515151515 0.55681818181818 -6.01136363636364
"P16_LBR2_C" 9 "Pred" 6 51 "M" 18 1 0 0 0 0.5 0.515151515151515 0.55681818181818 -6.01136363636364
"P16_LBR2_C" 10 "NPred" 11 51 "M" 18 0 0 1 0 -0.5 -0.484848484848485 0.55681818181818 -6.01136363636364
"P16_LBR2_C" 11 "Pred" 10 51 "M" 18 0 0 1 0 0.5 0.515151515151515 0.55681818181818 -6.01136363636364
"P17_LAR1_C" 1 "NPred" 8 39 "F" 20 0 0 0 0 -0.5 -0.484848484848485 -11.4431818181818 -4.01136363636364
"P17_LAR1_C" 2 "Pred" 15 39 "F" 20 0 1 0 0 0.5 0.515151515151515 -11.4431818181818 -4.01136363636364
"P17_LAR1_C" 4 "NPred" 10 39 "F" 20 0 0 0 0 -0.5 -0.484848484848485 -11.4431818181818 -4.01136363636364
"P17_LAR1_C" 5 "NPred" 16 39 "F" 20 0 0 1 0 -0.5 -0.484848484848485 -11.4431818181818 -4.01136363636364
"P17_LAR1_C" 6 "NPred" 6 39 "F" 20 0 0 0 0 -0.5 -0.484848484848485 -11.4431818181818 -4.01136363636364
"P17_LAR1_C" 7 "Pred" 9 39 "F" 20 0 0 0 0 0.5 0.515151515151515 -11.4431818181818 -4.01136363636364
"P17_LAR1_C" 8 "Pred" 5 39 "F" 20 0 0 0 0 0.5 0.515151515151515 -11.4431818181818 -4.01136363636364
"P17_LAR1_C" 9 "NPred" 3 39 "F" 20 0 0 0 0 -0.5 -0.484848484848485 -11.4431818181818 -4.01136363636364
"P17_LAR1_C" 10 "Pred" 11 39 "F" 20 0 0 0 0 0.5 0.515151515151515 -11.4431818181818 -4.01136363636364
"P17_LAR1_C" 11 "Pred" 7 39 "F" 20 0 1 0 0 0.5 0.515151515151515 -11.4431818181818 -4.01136363636364
"P17_LAR1_C" 12 "NPred" 12 39 "F" 20 0 0 1 0 -0.5 -0.484848484848485 -11.4431818181818 -4.01136363636364
"P18_LBR1_C" 1 "NPred" 2 49 "M" 24 0 1 0 1 -0.5 -0.484848484848485 -1.44318181818182 -0.0113636363636367
"P18_LBR1_C" 2 "Pred" 12 49 "M" 24 0 0 0 0 0.5 0.515151515151515 -1.44318181818182 -0.0113636363636367
"P18_LBR1_C" 3 "NPred" 7 49 "M" 24 0 0 1 0 -0.5 -0.484848484848485 -1.44318181818182 -0.0113636363636367
"P18_LBR1_C" 4 "NPred" 15 49 "M" 24 0 1 0 0 -0.5 -0.484848484848485 -1.44318181818182 -0.0113636363636367
"P18_LBR1_C" 5 "Pred" 6 49 "M" 24 1 0 0 1 0.5 0.515151515151515 -1.44318181818182 -0.0113636363636367
"P18_LBR1_C" 6 "Pred" 3 49 "M" 24 0 0 1 0 0.5 0.515151515151515 -1.44318181818182 -0.0113636363636367
"P18_LBR1_C" 7 "Pred" 16 49 "M" 24 1 0 0 0 0.5 0.515151515151515 -1.44318181818182 -0.0113636363636367
"P18_LBR1_C" 8 "NPred" 5 49 "M" 24 0 1 1 0 -0.5 -0.484848484848485 -1.44318181818182 -0.0113636363636367
"P18_LBR1_C" 9 "NPred" 9 49 "M" 24 0 0 0 1 -0.5 -0.484848484848485 -1.44318181818182 -0.0113636363636367
"P18_LBR1_C" 10 "Pred" 10 49 "M" 24 0 0 0 0 0.5 0.515151515151515 -1.44318181818182 -0.0113636363636367
"P18_LBR1_C" 11 "Pred" 8 49 "M" 24 0 0 0 0 0.5 0.515151515151515 -1.44318181818182 -0.0113636363636367
"P18_LBR1_C" 12 "NPred" 11 49 "M" 24 0 0 0 0 -0.5 -0.484848484848485 -1.44318181818182 -0.0113636363636367
"P19_LAR2_C" 1 "Pred" 9 41 "M" 18 0 0 1 0 0.5 0.515151515151515 -9.44318181818182 -6.01136363636364
"P19_LAR2_C" 2 "NPred" 6 41 "M" 18 0 1 1 0 -0.5 -0.484848484848485 -9.44318181818182 -6.01136363636364
"P19_LAR2_C" 3 "NPred" 10 41 "M" 18 0 0 0 0 -0.5 -0.484848484848485 -9.44318181818182 -6.01136363636364
"P19_LAR2_C" 4 "NPred" 16 41 "M" 18 0 0 1 0 -0.5 -0.484848484848485 -9.44318181818182 -6.01136363636364
"P19_LAR2_C" 7 "NPred" 8 41 "M" 18 0 0 1 0 -0.5 -0.484848484848485 -9.44318181818182 -6.01136363636364
"P19_LAR2_C" 9 "NPred" 3 41 "M" 18 0 0 1 0 -0.5 -0.484848484848485 -9.44318181818182 -6.01136363636364
"P19_LAR2_C" 10 "Pred" 7 41 "M" 18 0 0 0 0 0.5 0.515151515151515 -9.44318181818182 -6.01136363636364
"P19_LAR2_C" 11 "NPred" 12 41 "M" 18 0 0 0 0 -0.5 -0.484848484848485 -9.44318181818182 -6.01136363636364
"P19_LAR2_C" 12 "Pred" 5 41 "M" 18 0 0 0 0 0.5 0.515151515151515 -9.44318181818182 -6.01136363636364
"P2_LBR1_C" 1 "NPred" 2 60 "F" 36 0 1 0 0 -0.5 -0.484848484848485 9.55681818181818 11.9886363636364
"P2_LBR1_C" 2 "Pred" 12 60 "F" 36 0 1 0 1 0.5 0.515151515151515 9.55681818181818 11.9886363636364
"P2_LBR1_C" 3 "NPred" 7 60 "F" 36 1 0 0 0 -0.5 -0.484848484848485 9.55681818181818 11.9886363636364
"P2_LBR1_C" 4 "NPred" 15 60 "F" 36 0 0 1 0 -0.5 -0.484848484848485 9.55681818181818 11.9886363636364
"P2_LBR1_C" 5 "Pred" 6 60 "F" 36 0 0 1 0 0.5 0.515151515151515 9.55681818181818 11.9886363636364
"P2_LBR1_C" 6 "Pred" 3 60 "F" 36 0 0 1 0 0.5 0.515151515151515 9.55681818181818 11.9886363636364
"P2_LBR1_C" 7 "Pred" 16 60 "F" 36 0 1 0 1 0.5 0.515151515151515 9.55681818181818 11.9886363636364
"P2_LBR1_C" 8 "NPred" 5 60 "F" 36 1 0 0 0 -0.5 -0.484848484848485 9.55681818181818 11.9886363636364
"P2_LBR1_C" 9 "NPred" 9 60 "F" 36 0 0 0 1 -0.5 -0.484848484848485 9.55681818181818 11.9886363636364
"P2_LBR1_C" 10 "Pred" 10 60 "F" 36 1 0 0 0 0.5 0.515151515151515 9.55681818181818 11.9886363636364
"P2_LBR1_C" 11 "Pred" 8 60 "F" 36 0 0 1 0 0.5 0.515151515151515 9.55681818181818 11.9886363636364
"P2_LBR1_C" 12 "NPred" 11 60 "F" 36 0 0 1 0 -0.5 -0.484848484848485 9.55681818181818 11.9886363636364
"P20_LBR2_C" 1 "NPred" 9 40 "F" 25 0 0 0 1 -0.5 -0.484848484848485 -10.4431818181818 0.988636363636363
"P20_LBR2_C" 2 "NPred" 7 40 "F" 25 0 0 1 0 -0.5 -0.484848484848485 -10.4431818181818 0.988636363636363
"P20_LBR2_C" 3 "NPred" 15 40 "F" 25 0 1 0 1 -0.5 -0.484848484848485 -10.4431818181818 0.988636363636363
"P20_LBR2_C" 4 "Pred" 8 40 "F" 25 0 0 0 1 0.5 0.515151515151515 -10.4431818181818 0.988636363636363
"P20_LBR2_C" 5 "Pred" 16 40 "F" 25 1 0 0 0 0.5 0.515151515151515 -10.4431818181818 0.988636363636363
"P20_LBR2_C" 6 "Pred" 12 40 "F" 25 0 0 1 0 0.5 0.515151515151515 -10.4431818181818 0.988636363636363
"P20_LBR2_C" 7 "NPred" 2 40 "F" 25 0 0 0 1 -0.5 -0.484848484848485 -10.4431818181818 0.988636363636363
"P20_LBR2_C" 8 "Pred" 3 40 "F" 25 0 0 1 0 0.5 0.515151515151515 -10.4431818181818 0.988636363636363
"P21_LAR1_C" 1 "NPred" 8 42 "F" 17 1 0 0 1 -0.5 -0.484848484848485 -8.44318181818182 -7.01136363636364
"P21_LAR1_C" 2 "Pred" 15 42 "F" 17 0 0 0 0 0.5 0.515151515151515 -8.44318181818182 -7.01136363636364
"P21_LAR1_C" 4 "NPred" 10 42 "F" 17 0 1 0 0 -0.5 -0.484848484848485 -8.44318181818182 -7.01136363636364
"P21_LAR1_C" 5 "NPred" 16 42 "F" 17 0 0 0 0 -0.5 -0.484848484848485 -8.44318181818182 -7.01136363636364
"P21_LAR1_C" 6 "NPred" 6 42 "F" 17 0 0 0 1 -0.5 -0.484848484848485 -8.44318181818182 -7.01136363636364
"P21_LAR1_C" 8 "Pred" 5 42 "F" 17 0 0 0 0 0.5 0.515151515151515 -8.44318181818182 -7.01136363636364
"P21_LAR1_C" 9 "NPred" 3 42 "F" 17 0 0 0 0 -0.5 -0.484848484848485 -8.44318181818182 -7.01136363636364
"P21_LAR1_C" 10 "Pred" 11 42 "F" 17 0 0 0 1 0.5 0.515151515151515 -8.44318181818182 -7.01136363636364
"P21_LAR1_C" 11 "Pred" 7 42 "F" 17 0 1 0 0 0.5 0.515151515151515 -8.44318181818182 -7.01136363636364
"P21_LAR1_C" 12 "NPred" 12 42 "F" 17 0 0 1 1 -0.5 -0.484848484848485 -8.44318181818182 -7.01136363636364
"P22_LBR1_C" 1 "NPred" 2 66 "M" 31 0 0 0 1 -0.5 -0.484848484848485 15.5568181818182 6.98863636363636
"P22_LBR1_C" 2 "Pred" 12 66 "M" 31 0 1 0 0 0.5 0.515151515151515 15.5568181818182 6.98863636363636
"P22_LBR1_C" 3 "NPred" 7 66 "M" 31 0 0 0 0 -0.5 -0.484848484848485 15.5568181818182 6.98863636363636
"P22_LBR1_C" 4 "NPred" 15 66 "M" 31 0 0 0 0 -0.5 -0.484848484848485 15.5568181818182 6.98863636363636
"P22_LBR1_C" 5 "Pred" 6 66 "M" 31 0 0 1 0 0.5 0.515151515151515 15.5568181818182 6.98863636363636
"P22_LBR1_C" 6 "Pred" 3 66 "M" 31 1 0 1 0 0.5 0.515151515151515 15.5568181818182 6.98863636363636
"P22_LBR1_C" 7 "Pred" 16 66 "M" 31 0 0 0 0 0.5 0.515151515151515 15.5568181818182 6.98863636363636
"P22_LBR1_C" 8 "NPred" 5 66 "M" 31 0 0 0 0 -0.5 -0.484848484848485 15.5568181818182 6.98863636363636
"P22_LBR1_C" 9 "NPred" 9 66 "M" 31 0 0 1 0 -0.5 -0.484848484848485 15.5568181818182 6.98863636363636
"P22_LBR1_C" 10 "Pred" 10 66 "M" 31 0 0 0 0 0.5 0.515151515151515 15.5568181818182 6.98863636363636
"P22_LBR1_C" 11 "Pred" 8 66 "M" 31 0 0 1 0 0.5 0.515151515151515 15.5568181818182 6.98863636363636
"P22_LBR1_C" 12 "NPred" 11 66 "M" 31 0 1 0 1 -0.5 -0.484848484848485 15.5568181818182 6.98863636363636
"P23_LAR2_C" 1 "Pred" 9 68 "M" 31 0 0 1 1 0.5 0.515151515151515 17.5568181818182 6.98863636363636
"P23_LAR2_C" 2 "NPred" 6 68 "M" 31 1 0 0 0 -0.5 -0.484848484848485 17.5568181818182 6.98863636363636
"P23_LAR2_C" 3 "NPred" 10 68 "M" 31 0 0 0 1 -0.5 -0.484848484848485 17.5568181818182 6.98863636363636
"P23_LAR2_C" 4 "NPred" 16 68 "M" 31 1 0 1 0 -0.5 -0.484848484848485 17.5568181818182 6.98863636363636
"P23_LAR2_C" 5 "Pred" 11 68 "M" 31 0 0 1 1 0.5 0.515151515151515 17.5568181818182 6.98863636363636
"P23_LAR2_C" 7 "NPred" 8 68 "M" 31 0 1 0 0 -0.5 -0.484848484848485 17.5568181818182 6.98863636363636
"P23_LAR2_C" 8 "Pred" 2 68 "M" 31 0 0 1 0 0.5 0.515151515151515 17.5568181818182 6.98863636363636
"P23_LAR2_C" 9 "NPred" 3 68 "M" 31 0 0 1 0 -0.5 -0.484848484848485 17.5568181818182 6.98863636363636
"P23_LAR2_C" 10 "Pred" 7 68 "M" 31 0 0 1 0 0.5 0.515151515151515 17.5568181818182 6.98863636363636
"P23_LAR2_C" 11 "NPred" 12 68 "M" 31 0 1 0 0 -0.5 -0.484848484848485 17.5568181818182 6.98863636363636
"P23_LAR2_C" 12 "Pred" 5 68 "M" 31 1 0 0 1 0.5 0.515151515151515 17.5568181818182 6.98863636363636
"P24_LBR2_C" 1 "NPred" 9 39 "F" 21 0 0 0 1 -0.5 -0.484848484848485 -11.4431818181818 -3.01136363636364
"P24_LBR2_C" 2 "NPred" 7 39 "F" 21 0 1 0 0 -0.5 -0.484848484848485 -11.4431818181818 -3.01136363636364
"P24_LBR2_C" 3 "NPred" 15 39 "F" 21 0 0 1 0 -0.5 -0.484848484848485 -11.4431818181818 -3.01136363636364
"P24_LBR2_C" 4 "Pred" 8 39 "F" 21 1 0 0 0 0.5 0.515151515151515 -11.4431818181818 -3.01136363636364
"P24_LBR2_C" 5 "Pred" 16 39 "F" 21 1 0 0 0 0.5 0.515151515151515 -11.4431818181818 -3.01136363636364
"P24_LBR2_C" 6 "Pred" 12 39 "F" 21 1 0 0 0 0.5 0.515151515151515 -11.4431818181818 -3.01136363636364
"P24_LBR2_C" 7 "NPred" 2 39 "F" 21 0 0 0 1 -0.5 -0.484848484848485 -11.4431818181818 -3.01136363636364
"P24_LBR2_C" 8 "Pred" 3 39 "F" 21 0 0 1 0 0.5 0.515151515151515 -11.4431818181818 -3.01136363636364
"P24_LBR2_C" 9 "Pred" 6 39 "F" 21 1 1 0 1 0.5 0.515151515151515 -11.4431818181818 -3.01136363636364
"P24_LBR2_C" 10 "NPred" 11 39 "F" 21 1 0 0 0 -0.5 -0.484848484848485 -11.4431818181818 -3.01136363636364
"P24_LBR2_C" 11 "Pred" 10 39 "F" 21 0 0 1 0 0.5 0.515151515151515 -11.4431818181818 -3.01136363636364
"P24_LBR2_C" 12 "NPred" 5 39 "F" 21 0 0 0 1 -0.5 -0.484848484848485 -11.4431818181818 -3.01136363636364
"P24B_LBR2_C" 1 "NPred" 9 44 "F" 26 1 0 0 0 -0.5 -0.484848484848485 -6.44318181818182 1.98863636363636
"P24B_LBR2_C" 2 "NPred" 7 44 "F" 26 0 0 1 0 -0.5 -0.484848484848485 -6.44318181818182 1.98863636363636
"P24B_LBR2_C" 3 "NPred" 15 44 "F" 26 1 0 0 0 -0.5 -0.484848484848485 -6.44318181818182 1.98863636363636
"P24B_LBR2_C" 4 "Pred" 8 44 "F" 26 0 1 0 1 0.5 0.515151515151515 -6.44318181818182 1.98863636363636
"P24B_LBR2_C" 5 "Pred" 16 44 "F" 26 0 1 0 0 0.5 0.515151515151515 -6.44318181818182 1.98863636363636
"P24B_LBR2_C" 6 "Pred" 12 44 "F" 26 0 1 0 0 0.5 0.515151515151515 -6.44318181818182 1.98863636363636
"P24B_LBR2_C" 7 "NPred" 2 44 "F" 26 0 1 0 0 -0.5 -0.484848484848485 -6.44318181818182 1.98863636363636
"P24B_LBR2_C" 8 "Pred" 3 44 "F" 26 0 0 1 0 0.5 0.515151515151515 -6.44318181818182 1.98863636363636
"P24B_LBR2_C" 9 "Pred" 6 44 "F" 26 0 0 1 0 0.5 0.515151515151515 -6.44318181818182 1.98863636363636
"P24B_LBR2_C" 10 "NPred" 11 44 "F" 26 0 0 1 0 -0.5 -0.484848484848485 -6.44318181818182 1.98863636363636
"P24B_LBR2_C" 11 "Pred" 10 44 "F" 26 1 0 0 0 0.5 0.515151515151515 -6.44318181818182 1.98863636363636
"P24B_LBR2_C" 12 "NPred" 5 44 "F" 26 1 0 0 0 -0.5 -0.484848484848485 -6.44318181818182 1.98863636363636
"P3_LAR2_C" 1 "Pred" 9 62 "F" 23 0 1 0 0 0.5 0.515151515151515 11.5568181818182 -1.01136363636364
"P3_LAR2_C" 4 "NPred" 16 62 "F" 23 1 0 0 0 -0.5 -0.484848484848485 11.5568181818182 -1.01136363636364
"P3_LAR2_C" 5 "Pred" 11 62 "F" 23 0 1 0 0 0.5 0.515151515151515 11.5568181818182 -1.01136363636364
"P3_LAR2_C" 6 "Pred" 15 62 "F" 23 0 0 0 0 0.5 0.515151515151515 11.5568181818182 -1.01136363636364
"P3_LAR2_C" 7 "NPred" 8 62 "F" 23 0 1 1 0 -0.5 -0.484848484848485 11.5568181818182 -1.01136363636364
"P3_LAR2_C" 10 "Pred" 7 62 "F" 23 0 0 0 0 0.5 0.515151515151515 11.5568181818182 -1.01136363636364
"P3_LAR2_C" 11 "NPred" 12 62 "F" 23 0 0 0 0 -0.5 -0.484848484848485 11.5568181818182 -1.01136363636364
"P5_LAR1_C" 1 "NPred" 8 46 "M" 19 0 0 0 1 -0.5 -0.484848484848485 -4.44318181818182 -5.01136363636364
"P5_LAR1_C" 3 "Pred" 2 46 "M" 19 0 0 1 1 0.5 0.515151515151515 -4.44318181818182 -5.01136363636364
"P5_LAR1_C" 4 "NPred" 10 46 "M" 19 0 0 1 1 -0.5 -0.484848484848485 -4.44318181818182 -5.01136363636364
"P5_LAR1_C" 5 "NPred" 16 46 "M" 19 0 0 0 1 -0.5 -0.484848484848485 -4.44318181818182 -5.01136363636364
"P5_LAR1_C" 6 "NPred" 6 46 "M" 19 1 0 0 0 -0.5 -0.484848484848485 -4.44318181818182 -5.01136363636364
"P5_LAR1_C" 7 "Pred" 9 46 "M" 19 0 0 0 1 0.5 0.515151515151515 -4.44318181818182 -5.01136363636364
"P5_LAR1_C" 8 "Pred" 5 46 "M" 19 0 0 1 0 0.5 0.515151515151515 -4.44318181818182 -5.01136363636364
"P5_LAR1_C" 10 "Pred" 11 46 "M" 19 0 0 0 0 0.5 0.515151515151515 -4.44318181818182 -5.01136363636364
"P5_LAR1_C" 11 "Pred" 7 46 "M" 19 0 0 1 0 0.5 0.515151515151515 -4.44318181818182 -5.01136363636364
"P5_LAR1_C" 12 "NPred" 12 46 "M" 19 0 0 0 1 -0.5 -0.484848484848485 -4.44318181818182 -5.01136363636364
"P6_LBR1_C" 1 "NPred" 2 46 "F" 22 0 0 0 0 -0.5 -0.484848484848485 -4.44318181818182 -2.01136363636364
"P6_LBR1_C" 2 "Pred" 12 46 "F" 22 1 0 0 0 0.5 0.515151515151515 -4.44318181818182 -2.01136363636364
"P6_LBR1_C" 3 "NPred" 7 46 "F" 22 0 0 0 0 -0.5 -0.484848484848485 -4.44318181818182 -2.01136363636364
"P6_LBR1_C" 4 "NPred" 15 46 "F" 22 0 0 0 0 -0.5 -0.484848484848485 -4.44318181818182 -2.01136363636364
"P6_LBR1_C" 5 "Pred" 6 46 "F" 22 0 0 0 1 0.5 0.515151515151515 -4.44318181818182 -2.01136363636364
"P6_LBR1_C" 6 "Pred" 3 46 "F" 22 0 0 1 0 0.5 0.515151515151515 -4.44318181818182 -2.01136363636364
"P6_LBR1_C" 7 "Pred" 16 46 "F" 22 0 1 0 1 0.5 0.515151515151515 -4.44318181818182 -2.01136363636364
"P6_LBR1_C" 9 "NPred" 9 46 "F" 22 0 0 0 1 -0.5 -0.484848484848485 -4.44318181818182 -2.01136363636364
"P6_LBR1_C" 10 "Pred" 10 46 "F" 22 0 0 1 0 0.5 0.515151515151515 -4.44318181818182 -2.01136363636364
"P6_LBR1_C" 11 "Pred" 8 46 "F" 22 0 0 0 1 0.5 0.515151515151515 -4.44318181818182 -2.01136363636364
"P6_LBR1_C" 12 "NPred" 11 46 "F" 22 0 0 0 0 -0.5 -0.484848484848485 -4.44318181818182 -2.01136363636364
"P7_LAR2_C" 1 "Pred" 9 58 "M" 28 0 0 0 1 0.5 0.515151515151515 7.55681818181818 3.98863636363636
"P7_LAR2_C" 2 "NPred" 6 58 "M" 28 0 0 1 0 -0.5 -0.484848484848485 7.55681818181818 3.98863636363636
"P7_LAR2_C" 3 "NPred" 10 58 "M" 28 1 0 0 0 -0.5 -0.484848484848485 7.55681818181818 3.98863636363636
"P7_LAR2_C" 4 "NPred" 16 58 "M" 28 0 0 0 1 -0.5 -0.484848484848485 7.55681818181818 3.98863636363636
"P7_LAR2_C" 5 "Pred" 11 58 "M" 28 1 0 0 0 0.5 0.515151515151515 7.55681818181818 3.98863636363636
"P7_LAR2_C" 6 "Pred" 15 58 "M" 28 0 0 0 1 0.5 0.515151515151515 7.55681818181818 3.98863636363636
"P7_LAR2_C" 7 "NPred" 8 58 "M" 28 1 0 0 0 -0.5 -0.484848484848485 7.55681818181818 3.98863636363636
"P7_LAR2_C" 9 "NPred" 3 58 "M" 28 0 0 1 0 -0.5 -0.484848484848485 7.55681818181818 3.98863636363636
"P7_LAR2_C" 10 "Pred" 7 58 "M" 28 0 0 0 0 0.5 0.515151515151515 7.55681818181818 3.98863636363636
"P7_LAR2_C" 11 "NPred" 12 58 "M" 28 1 0 0 0 -0.5 -0.484848484848485 7.55681818181818 3.98863636363636
"P7_LAR2_C" 12 "Pred" 5 58 "M" 28 0 1 0 0 0.5 0.515151515151515 7.55681818181818 3.98863636363636
"P8_LBR2_C" 1 "NPred" 9 49 "M" 25 0 0 0 0 -0.5 -0.484848484848485 -1.44318181818182 0.988636363636363
"P8_LBR2_C" 2 "NPred" 7 49 "M" 25 0 0 0 0 -0.5 -0.484848484848485 -1.44318181818182 0.988636363636363
"P8_LBR2_C" 3 "NPred" 15 49 "M" 25 0 0 0 0 -0.5 -0.484848484848485 -1.44318181818182 0.988636363636363
"P8_LBR2_C" 4 "Pred" 8 49 "M" 25 0 0 0 1 0.5 0.515151515151515 -1.44318181818182 0.988636363636363
"P8_LBR2_C" 5 "Pred" 16 49 "M" 25 0 0 0 0 0.5 0.515151515151515 -1.44318181818182 0.988636363636363
"P8_LBR2_C" 6 "Pred" 12 49 "M" 25 0 0 0 0 0.5 0.515151515151515 -1.44318181818182 0.988636363636363
"P8_LBR2_C" 7 "NPred" 2 49 "M" 25 0 0 0 1 -0.5 -0.484848484848485 -1.44318181818182 0.988636363636363
"P8_LBR2_C" 8 "Pred" 3 49 "M" 25 0 0 1 0 0.5 0.515151515151515 -1.44318181818182 0.988636363636363
"P8_LBR2_C" 9 "Pred" 6 49 "M" 25 0 0 0 0 0.5 0.515151515151515 -1.44318181818182 0.988636363636363
"P8_LBR2_C" 10 "NPred" 11 49 "M" 25 1 0 0 0 -0.5 -0.484848484848485 -1.44318181818182 0.988636363636363
"P8_LBR2_C" 11 "Pred" 10 49 "M" 25 0 0 1 0 0.5 0.515151515151515 -1.44318181818182 0.988636363636363
"P8_LBR2_C" 12 "NPred" 5 49 "M" 25 0 1 0 0 -0.5 -0.484848484848485 -1.44318181818182 0.988636363636363
"P9_LAR1_C" 1 "NPred" 8 50 "M" 15 0 0 0 0 -0.5 -0.484848484848485 -0.44318181818182 -9.01136363636364
"P9_LAR1_C" 3 "Pred" 2 50 "M" 15 0 0 0 0 0.5 0.515151515151515 -0.44318181818182 -9.01136363636364
"P9_LAR1_C" 4 "NPred" 10 50 "M" 15 0 0 0 0 -0.5 -0.484848484848485 -0.44318181818182 -9.01136363636364
"P9_LAR1_C" 5 "NPred" 16 50 "M" 15 0 0 0 0 -0.5 -0.484848484848485 -0.44318181818182 -9.01136363636364
"P9_LAR1_C" 6 "NPred" 6 50 "M" 15 0 0 1 0 -0.5 -0.484848484848485 -0.44318181818182 -9.01136363636364
"P9_LAR1_C" 7 "Pred" 9 50 "M" 15 0 0 0 0 0.5 0.515151515151515 -0.44318181818182 -9.01136363636364
"P9_LAR1_C" 8 "Pred" 5 50 "M" 15 0 0 1 0 0.5 0.515151515151515 -0.44318181818182 -9.01136363636364
"P9_LAR1_C" 9 "NPred" 3 50 "M" 15 0 0 0 0 -0.5 -0.484848484848485 -0.44318181818182 -9.01136363636364
"P9_LAR1_C" 10 "Pred" 11 50 "M" 15 0 0 0 0 0.5 0.515151515151515 -0.44318181818182 -9.01136363636364
"P9_LAR1_C" 11 "Pred" 7 50 "M" 15 0 0 0 0 0.5 0.515151515151515 -0.44318181818182 -9.01136363636364
"P9_LAR1_C" 12 "NPred" 12 50 "M" 15 1 0 0 0 -0.5 -0.484848484848485 -0.44318181818182 -9.01136363636364
